First run, running off of set1 from gis.
0 1 2 3 2 3 4 5 6 7 6 7 8 9 10 9 10 11 12 13 14 13 14 15 16 17 18 19 20 21 20 21 22 23 24 25 26 27 28 27 28 29 30 31 32 31 32 33 34 35 34 35 36 37 38 39 38 39 40 41 42 43 44 45 46 45 46 47 48 49 50 51 52 53 52 53 54 55 56 57 56 57 58 59 60 59 60 61 62 63 64 63 64 65 66 67 68 69 70 71 70 71 72 73 74 75 76 77 78 77 78 79 80 81 82 81 82 
total time: [54116.38u (100%) 5.14s (0%) 54133.94 100.0%]
Running off of set1 locally
0 1 2 3 2 3 4 5 6 7 6 7 8 9 10 9 10 11 12 13 14 13 14 15 16 17 18 19 20 21 20 21 22 23 24 25 26 27 28 27 28 29 30 31 32 31 32 33 34 35 34 35 36 37 38 39 38 39 40 41 42 43 44 45 46 45 46 47 48 49 50 51 52 53 52 53 54 55 56 57 56 57 58 59 60 59 60 61 62 63 64 63 64 65 66 67 68 69 70 71 70 71 72 73 74 75 76 77 78 77 78 79 80 81 82 81 82 
total time: [54722.58u (100%) 9.19s (0%) 54757.09 100.0%]
sort timed
0 1 2 3 2 3 4 5 6 7 6 7 8 9 10 9 10 11 12 13 14 13 14 15 16 17 18 19 20 21 20 21 22 23 24 25 26 27 28 27 28 29 30 31 32 31 32 33 34 35 34 35 36 37 38 39 38 39 40 41 42 43 44 45 46 45 46 47 48 49 50 51 52 53 52 53 54 55 56 57 56 57 58 59 60 59 60 61 62 63 64 63 64 65 66 67 68 69 70 71 70 71 72 73 74 75 76 77 78 77 78 79 80 81 82 81 82 
sort time: [5318.10u (100%) 5.77s (0%) 5324.77 100.0%]
total time: [50549.31u (100%) 7.27s (0%) 50565.79 100.0%]
