1st run - bad %
0 1 2 3 2 3 4 5 6 7 6 7 8 9 10 9 10 11 12 13 14 13 14 15 16 17 18 19 20 21 20 21 22 23 24 25 26 27 28 27 28 29 30 31 32 31 32 33 34 35 34 35 36 37 38 39 38 39 40 41 42 43 44 45 46 45 46 47 48 49 50 51 52 53 52 53 54 55 56 57 56 57 58 59 60 59 60 61 62 63 64 63 64 65 66 67 68 69 70 71 70 71 72 73 74 75 76 77 78 77 78 79 80 81 82 81 82 
total time: [57908.10u (100%) 6.13s (0%) 57928.85 100.0%]
2nd run - trying to fix % 
0 1 2 3 4 5 6 7 8 9 10 11 12 13 14 15 16 17 18 19 20 21 22 23 24 25 26 27 28 29 30 31 32 33 34 35 36 37 38 39 40 41 42 43 44 45 46 47 48 49 50 51 52 53 54 55 56 57 58 59 60 61 62 63 64 65 66 67 68 69 70 71 72 73 74 75 76 77 78 79 80 81 82 83 84 85 86 87 88 89 90 91 92 93 94 95 96 97 98 99 
total time: [58178.14u (100%) 6.32s (0%) 58198.48 100.0%]
Local set1
0 1 2 3 4 5 6 7 8 9 10 11 12 13 14 15 16 17 18 19 20 21 22 23 24 25 26 27 28 29 30 31 32 33 34 35 36 37 38 39 40 41 42 43 44 45 46 47 48 49 50 51 52 53 54 55 56 57 58 59 60 61 62 63 64 65 66 67 68 69 70 71 72 73 74 75 76 77 78 79 80 81 82 83 84 85 86 87 88 89 90 91 92 93 94 95 96 97 98 99 
total time: [58689.14u (100%) 11.02s (0%) 58722.20 100.0%]
With sort timed
0 1 2 3 4 5 6 7 8 9 10 11 12 13 14 15 16 17 18 19 20 21 22 23 24 25 26 27 28 29 30 31 32 33 34 35 36 37 38 39 40 41 42 43 44 45 46 47 48 49 50 51 52 53 54 55 56 57 58 59 60 61 62 63 64 65 66 67 68 69 70 71 72 73 74 75 76 77 78 79 80 81 82 83 84 85 86 87 88 89 90 91 92 93 94 95 96 97 98 99 
sort time: [1443.57u (100%) 6.41s (0%) 1450.80 99.9%]
total time: [32451.31u (99%) 11.07s (0%) 32764.57 99.1%]
running by itself
0 1 2 3 4 5 6 7 8 9 10 11 12 13 14 15 16 17 18 19 20 21 22 23 24 25 26 27 28 29 30 31 32 33 34 35 36 37 38 39 40 41 42 43 44 45 46 47 48 49 50 51 52 53 54 55 56 57 58 59 60 61 62 63 64 65 66 67 68 69 70 71 72 73 74 75 76 77 78 79 80 81 82 83 84 85 86 87 88 89 90 91 92 93 94 95 96 97 98 99 
sort time: [1208.15u (99%) 6.25s (1%) 1215.45 99.9%]
total time: [34135.86u (100%) 8.58s (0%) 34211.51 99.8%]
